+-------------------------------------------------------------------------------------------------------------------------------------------------------------------------------------------+
| Номер функции | Размер популяции | Количество итераций |        Cреднее значение отклонения     |  Наименьшее значение отклонения  |Среднеквадратическое отклонение | Количество успехов  |
|               |                  |                     |            от точного решения          |                                  |                                |                     |
+---------------+------------------+---------------------+----------------------------------------+----------------------------------+--------------------------------+---------------------+
|    1          |       100        |         100         |             53,316451                  |            0,000163              |           63,503210            |          57         |
|---------------+------------------+---------------------+----------------------------------------+----------------------------------+--------------------------------+---------------------|
|    1          |       100        |         100         |             50,954092                  |            0,001139              |           58,625200            |          56         |
|---------------+------------------+---------------------+----------------------------------------+----------------------------------+--------------------------------+---------------------|
|    1          |       100        |         100         |             53,910415                  |            0,000224              |           65,457658            |          57         |
|---------------+------------------+---------------------+----------------------------------------+----------------------------------+--------------------------------+---------------------|
|    1          |       100        |         100         |             52,134107                  |            0,000163              |           65,556370            |          59         |
|---------------+------------------+---------------------+----------------------------------------+----------------------------------+--------------------------------+---------------------|
|    1          |       100        |         100         |             46,216082                  |            0,000468              |           60,141904            |          60         |
|---------------+------------------+---------------------+----------------------------------------+----------------------------------+--------------------------------+---------------------|
|    2          |       100        |         100         |              0,020442                  |            0,000000              |            0,097752            |          94         |
|---------------+------------------+---------------------+----------------------------------------+----------------------------------+--------------------------------+---------------------|
|    2          |       100        |         100         |              0,000435                  |            0,000005              |            0,000380            |         100         |
|---------------+------------------+---------------------+----------------------------------------+----------------------------------+--------------------------------+---------------------|
|    2          |       100        |         100         |              0,005391                  |            0,000004              |            0,049633            |          99         |
|---------------+------------------+---------------------+----------------------------------------+----------------------------------+--------------------------------+---------------------|
|    2          |       100        |         100         |              0,020321                  |            0,000005              |            0,097816            |          95         |
|---------------+------------------+---------------------+----------------------------------------+----------------------------------+--------------------------------+---------------------|
|    2          |       100        |         100         |              0,035042                  |            0,000000              |            0,212619            |          97         |
|---------------+------------------+---------------------+----------------------------------------+----------------------------------+--------------------------------+---------------------|
|    3          |       100        |         100         |              0,003891                  |            0,000130              |            0,002774            |         100         |
|---------------+------------------+---------------------+----------------------------------------+----------------------------------+--------------------------------+---------------------|
|    3          |       100        |         100         |              0,004833                  |            0,000319              |            0,004454            |         100         |
|---------------+------------------+---------------------+----------------------------------------+----------------------------------+--------------------------------+---------------------|
|    3          |       100        |         100         |              0,004562                  |            0,000165              |            0,003388            |         100         |
|---------------+------------------+---------------------+----------------------------------------+----------------------------------+--------------------------------+---------------------|
|    3          |       100        |         100         |              0,004694                  |            0,000262              |            0,003987            |         100         |
|---------------+------------------+---------------------+----------------------------------------+----------------------------------+--------------------------------+---------------------|
|    3          |       100        |         100         |              0,004390                  |            0,000166              |            0,003019            |         100         |
|---------------+------------------+---------------------+----------------------------------------+----------------------------------+--------------------------------+---------------------|
|    4          |       100        |         100         |              0,004542                  |            0,000000              |            0,001246            |           7         |
|---------------+------------------+---------------------+----------------------------------------+----------------------------------+--------------------------------+---------------------|
|    4          |       100        |         100         |              0,004738                  |            0,000000              |            0,000833            |           3         |
|---------------+------------------+---------------------+----------------------------------------+----------------------------------+--------------------------------+---------------------|
|    4          |       100        |         100         |              0,004396                  |            0,000000              |            0,001465            |          10         |
|---------------+------------------+---------------------+----------------------------------------+----------------------------------+--------------------------------+---------------------|
|    4          |       100        |         100         |              0,004347                  |            0,000000              |            0,001528            |          11         |
|---------------+------------------+---------------------+----------------------------------------+----------------------------------+--------------------------------+---------------------|
|    4          |       100        |         100         |              0,004347                  |            0,000000              |            0,001528            |          11         |
|---------------+------------------+---------------------+----------------------------------------+----------------------------------+--------------------------------+---------------------|
|    5          |       100        |         100         |              0,000000                  |            0,000000              |            0,000000            |         100         |
|---------------+------------------+---------------------+----------------------------------------+----------------------------------+--------------------------------+---------------------|
|    5          |       100        |         100         |              0,000000                  |            0,000000              |            0,000000            |         100         |
|---------------+------------------+---------------------+----------------------------------------+----------------------------------+--------------------------------+---------------------|
|    5          |       100        |         100         |              0,000000                  |            0,000000              |            0,000000            |         100         |
|---------------+------------------+---------------------+----------------------------------------+----------------------------------+--------------------------------+---------------------|
|    5          |       100        |         100         |              0,000000                  |            0,000000              |            0,000000            |         100         |
|---------------+------------------+---------------------+----------------------------------------+----------------------------------+--------------------------------+---------------------|
|    5          |       100        |         100         |              0,000000                  |            0,000000              |            0,000000            |         100         |
|---------------+------------------+---------------------+----------------------------------------+----------------------------------+--------------------------------+---------------------|
|    6          |       100        |         100         |              0,000000                  |            0,000000              |            0,000000            |         100         |
|---------------+------------------+---------------------+----------------------------------------+----------------------------------+--------------------------------+---------------------|
|    6          |       100        |         100         |              0,000000                  |            0,000000              |            0,000000            |         100         |
|---------------+------------------+---------------------+----------------------------------------+----------------------------------+--------------------------------+---------------------|
|    6          |       100        |         100         |              0,000000                  |            0,000000              |            0,000000            |         100         |
|---------------+------------------+---------------------+----------------------------------------+----------------------------------+--------------------------------+---------------------|
|    6          |       100        |         100         |              0,000000                  |            0,000000              |            0,000000            |         100         |
|---------------+------------------+---------------------+----------------------------------------+----------------------------------+--------------------------------+---------------------|
|    6          |       100        |         100         |              0,000000                  |            0,000000              |            0,000000            |         100         |
|---------------+------------------+---------------------+----------------------------------------+----------------------------------+--------------------------------+---------------------|
|    7          |       100        |         100         |              0,070795                  |            0,000060              |            0,096882            |          32         |
|---------------+------------------+---------------------+----------------------------------------+----------------------------------+--------------------------------+---------------------|
|    7          |       100        |         100         |              0,058797                  |            0,000026              |            0,075858            |          38         |
|---------------+------------------+---------------------+----------------------------------------+----------------------------------+--------------------------------+---------------------|
|    7          |       100        |         100         |              0,054370                  |            0,000003              |            0,066965            |          35         |
|---------------+------------------+---------------------+----------------------------------------+----------------------------------+--------------------------------+---------------------|
|    7          |       100        |         100         |              0,050131                  |            0,000027              |            0,066347            |          32         |
|---------------+------------------+---------------------+----------------------------------------+----------------------------------+--------------------------------+---------------------|
|    7          |       100        |         100         |              0,055957                  |            0,000037              |            0,077615            |          45         |
|---------------+------------------+---------------------+----------------------------------------+----------------------------------+--------------------------------+---------------------|
|    7          |       100        |         100         |              0,056582                  |            0,000006              |            0,087300            |          45         |
|---------------+------------------+---------------------+----------------------------------------+----------------------------------+--------------------------------+---------------------|
|    8          |       100        |         100         |              0,254688                  |            0,112163              |            0,109955            |          34         |
|---------------+------------------+---------------------+----------------------------------------+----------------------------------+--------------------------------+---------------------|
|    8          |       100        |         100         |              0,292526                  |            0,134139              |            0,155802            |          28         |
|---------------+------------------+---------------------+----------------------------------------+----------------------------------+--------------------------------+---------------------|
|    8          |       100        |         100         |              0,252676                  |            0,146547              |            0,104405            |          36         |
|---------------+------------------+---------------------+----------------------------------------+----------------------------------+--------------------------------+---------------------|
|    8          |       100        |         100         |              0,260328                  |            0,129614              |            0,115296            |          30         |
|---------------+------------------+---------------------+----------------------------------------+----------------------------------+--------------------------------+---------------------|
|    8          |       100        |         100         |              0,252807                  |            0,132628              |            0,111206            |          33         |
|---------------+------------------+---------------------+----------------------------------------+----------------------------------+--------------------------------+---------------------|
|    9          |       100        |         100         |              0,000050                  |            0,000000              |            0,000085            |          49         |
|---------------+------------------+---------------------+----------------------------------------+----------------------------------+--------------------------------+---------------------|
|    9          |       100        |         100         |              0,000046                  |            0,000001              |            0,000075            |          50         |
|---------------+------------------+---------------------+----------------------------------------+----------------------------------+--------------------------------+---------------------|
|    9          |       100        |         100         |              0,000073                  |            0,000001              |            0,000188            |          45         |
|---------------+------------------+---------------------+----------------------------------------+----------------------------------+--------------------------------+---------------------|
|    9          |       100        |         100         |              0,000060                  |            0,000000              |            0,000086            |          42         |
|---------------+------------------+---------------------+----------------------------------------+----------------------------------+--------------------------------+---------------------|
|    9          |       100        |         100         |              0,000058                  |            0,000001              |            0,000090            |          49         |
|---------------+------------------+---------------------+----------------------------------------+----------------------------------+--------------------------------+---------------------|
|   10          |       100        |         100         |              0,000000                  |            0,000000              |            0,000000            |         100         |
|---------------+------------------+---------------------+----------------------------------------+----------------------------------+--------------------------------+---------------------|
|   10          |       100        |         100         |              0,000000                  |            0,000000              |            0,000000            |         100         |
|---------------+------------------+---------------------+----------------------------------------+----------------------------------+--------------------------------+---------------------|
|   10          |       100        |         100         |              0,000000                  |            0,000000              |            0,000000            |         100         |
|---------------+------------------+---------------------+----------------------------------------+----------------------------------+--------------------------------+---------------------|
|   10          |       100        |         100         |              0,000000                  |            0,000000              |            0,000000            |         100         |
|---------------+------------------+---------------------+----------------------------------------+----------------------------------+--------------------------------+---------------------|
|   10          |       100        |         100         |              0,000000                  |            0,000000              |            0,000000            |         100         |
|---------------+------------------+---------------------+----------------------------------------+----------------------------------+--------------------------------+---------------------|
|   10          |       100        |         100         |              0,000000                  |            0,000000              |            0,000000            |         100         |
|---------------+------------------+---------------------+----------------------------------------+----------------------------------+--------------------------------+---------------------|
